0
1	0	0	
0	0	1	
2	0	2	
1
0	0	0	0	4	
0	2	0	0	2	
0	0	0	3	1	
0	3	0	0	0	
4	1	0	0	0	
2
0	0	0	4	0	0	0	
0	3	0	0	2	5	0	
0	0	0	3	1	0	0	
0	0	0	5	0	0	0	
0	0	0	0	0	0	0	
0	0	1	0	0	0	0	
2	0	0	0	4	0	0	
3
1	2	1	3	0	0	0	0	0	0	
0	0	0	0	0	5	0	0	0	0	
0	0	0	0	0	0	0	0	0	0	
0	0	0	0	0	0	6	0	0	0	
0	0	0	0	0	0	0	0	0	0	
0	2	0	0	0	0	0	0	0	0	
0	0	0	0	0	0	0	0	0	0	
0	0	0	0	4	7	0	0	0	0	
0	6	0	0	0	0	0	7	5	4	
0	0	0	0	0	0	0	0	0	3	
4
5	6	0	0	0	0	0	0	0	0	0	
0	0	0	0	0	0	0	0	0	0	6	
7	0	0	7	0	0	0	0	3	0	0	
0	0	0	2	0	8	0	0	0	8	0	
0	3	0	0	0	5	0	0	0	0	0	
0	0	4	0	0	0	0	0	0	4	9	
1	0	1	9	0	10	0	0	0	11	0	
0	0	0	12	0	0	0	13	0	0	0	
0	0	0	0	0	0	0	0	0	0	0	
0	2	0	0	0	10	0	0	0	11	0	
0	0	0	12	0	0	0	13	0	0	0	
5
0	0	0	0	0	0	0	0	0	0	0	0	
0	0	0	0	0	0	0	0	0	0	0	0	
0	0	1	2	3	4	0	0	0	5	0	0	
0	0	0	0	0	0	0	6	0	6	0	0	
0	0	0	0	0	0	0	0	0	7	0	0	
0	0	0	0	0	0	2	0	0	8	0	0	
0	0	4	0	0	9	0	0	0	0	0	0	
0	0	8	0	0	0	0	0	0	0	0	0	
0	0	10	0	3	0	0	0	0	0	0	0	
0	0	1	0	0	0	10	5	9	7	0	0	
0	0	0	0	0	0	0	0	0	0	0	0	
0	0	0	0	0	0	0	0	0	0	0	0	
6
1	0	0	0	0	0	0	0	0	0	0	0	0	0	0	0	0	0	
0	0	2	0	3	0	0	0	0	0	0	0	4	0	0	0	5	0	
0	0	0	0	6	0	0	0	7	8	0	0	0	0	9	0	0	0	
0	3	0	0	0	10	0	0	0	0	0	0	10	0	0	0	0	0	
0	0	0	0	0	0	0	0	0	0	0	0	0	0	11	1	0	0	
0	0	8	7	0	0	0	0	0	0	0	0	0	0	0	0	0	0	
0	0	0	0	0	9	0	0	0	0	0	0	5	0	0	0	12	0	
0	0	0	6	0	0	0	0	13	11	0	0	0	14	0	0	0	0	
0	13	0	0	0	14	0	0	0	0	0	12	0	0	0	4	0	0	
0	0	0	0	0	0	0	0	0	0	0	0	0	0	0	0	0	2	
7
0	0	0	0	0	0	0	0	0	0	0	0	0	0	0	0	0	0	0	0	0	0	0	0	
0	11	12	0	0	0	0	0	0	0	0	0	0	0	0	20	0	0	0	0	0	0	0	0	
0	0	0	0	0	13	14	0	0	0	0	0	0	0	0	0	0	0	0	0	0	0	0	0	
0	0	12	0	0	0	0	0	10	0	0	0	8	0	0	21	0	0	0	0	22	0	0	0	
0	0	0	0	0	0	11	0	0	0	1	0	0	5	0	0	22	0	0	0	0	0	0	0	
0	13	0	0	0	0	0	0	0	2	0	0	0	0	2	0	0	0	6	0	0	0	0	0	
10	9	0	0	0	0	0	9	3	0	0	0	0	0	0	0	0	0	0	0	0	0	0	0	
0	0	0	0	0	0	0	0	0	0	0	0	0	0	0	7	21	0	0	0	0	0	14	20	
0	0	0	0	0	15	0	0	0	4	0	0	0	0	6	0	0	0	0	0	0	0	18	0	
0	0	0	0	0	0	0	17	0	0	1	0	0	5	0	0	0	8	0	0	0	0	0	0	
0	0	0	16	0	0	0	0	16	0	0	3	0	0	0	7	0	0	0	0	0	19	0	0	
0	0	0	0	0	0	0	0	0	0	0	0	0	0	0	0	0	17	4	0	0	0	0	0	
0	0	0	0	0	0	0	0	15	0	0	0	0	0	0	0	0	0	0	0	0	19	18	0	
0	0	0	0	0	0	0	0	0	0	0	0	0	0	0	0	0	0	0	0	0	0	0	0	
